N  count_lesion avr_lesion count_profit avr_profit count_all total avr_all avr_potencial
5       436        -0.32        212        0.423       655    -49.9  -0.07      0.333
10      265        -0.43        121        0.581       387    -44.0  -0.11      0.463
15      193        -0.44         79        0.731       273    -29.0  -0.10      0.549
20      160        -0.48         61        0.789       222    -29.6  -0.13      0.605
25      133        -0.58         48        0.840       182    -37.2  -0.20      0.661
30      112        -0.58         38        1.009       150    -27.4  -0.18      0.769
35       96        -0.64         36        0.911       132    -28.7  -0.21      0.823
40       85        -0.63         30        1.028       115    -22.7  -0.19      0.885
45       73        -0.67         27        1.261       100    -14.9  -0.14      0.971
50       63        -0.74         27        1.233       90     -13.5  -0.15      1.040
55       58        -0.79         23        1.365       81     -14.5  -0.17      1.096
60       58        -0.78         18        1.655       76     -16.0  -0.21      1.139
